frame, timestamp, confidence, success, AU01_r, AU02_r, AU04_r, AU05_r, AU06_r, AU07_r, AU09_r, AU10_r, AU12_r, AU14_r, AU15_r, AU17_r, AU20_r, AU23_r, AU25_r, AU26_r, AU45_r, AU01_c, AU02_c, AU04_c, AU05_c, AU06_c, AU07_c, AU09_c, AU10_c, AU12_c, AU14_c, AU15_c, AU17_c, AU20_c, AU23_c, AU25_c, AU26_c, AU28_c, AU45_c
1,  0,  0.982034,  1, 0.378198, 0, 0, 0, 0, 0, 0, 0, 0, 0, 0.775556, 0, 0, 0, 0, 0, 0.0788007, 0, 0, 0, 1, 0, 0, 0, 0, 0, 0, 0, 0, 0, 0, 0, 0, 0, 0
2,  0.05,  0.982119,  1, 0.440659, 0.00783827, 0, 0.0144091, 0, 0, 0, 0, 0, 0, 0.669338, 0, 0, 0, 0, 0, 0.0782078, 0, 0, 0, 1, 0, 0, 0, 0, 0, 0, 0, 0, 0, 0, 0, 0, 0, 0
3,  0.1,  0.981901,  1, 0.515021, 0.0569886, 0, 0.0547121, 0, 0, 0, 0, 0, 0, 0.551488, 0, 0, 0, 0, 0, 0.0846952, 0, 0, 0, 1, 0, 0, 0, 0, 0, 0, 0, 0, 0, 0, 0, 0, 0, 0
4,  0.15,  0.983466,  1, 0.524135, 0.0491503, 0, 0.0471623, 0, 0, 0, 0, 0, 0.0085103, 0.472743, 0.0265727, 0, 0, 0, 0, 0.0769883, 0, 0, 0, 1, 0, 0, 0, 0, 0, 0, 0, 0, 0, 0, 0, 0, 0, 0
5,  0.2,  0.983324,  1, 0.475986, 0.173345, 0, 0.0471623, 0, 0, 0, 0, 0, 0.133979, 0.348546, 0.119785, 0, 0.00299262, 0, 0, 0.0684429, 0, 0, 0, 1, 0, 0, 0, 0, 0, 0, 0, 0, 0, 0, 0, 0, 0, 0
6,  0.25,  0.98372,  1, 0.275558, 0.164663, 0, 0.0068593, 0, 0, 0, 0, 0, 0.385451, 0.207878, 0.119785, 0, 0.00299262, 0.121368, 0, 0.0356886, 0, 0, 0, 1, 0, 0, 0, 0, 0, 1, 0, 0, 0, 0, 0, 0, 0, 0
7,  0.3,  0.983446,  1, 0.122118, 0.164663, 0, 0, 0, 0, 0, 0, 0, 0.68243, 0.0595752, 0.148133, 0, 0.0231833, 0.242985, 0.0740598, 0.0326431, 0, 0, 0, 1, 0, 0, 0, 0, 0, 1, 0, 0, 0, 0, 0, 0, 0, 0
8,  0.35,  0.983127,  1, 0.0252862, 0.040468, 0, 0, 0, 0, 0, 0, 0.0119064, 0.771818, 0.0319193, 0.118019, 0, 0.0680331, 0.403116, 0.0943361, 0.0181783, 0, 0, 0, 1, 0, 0, 0, 0, 0, 1, 0, 0, 0, 0, 0, 0, 0, 0
9,  0.4,  0.982411,  1, 0.0410262, 0, 0, 0, 0, 0, 0, 0, 0.0453128, 0.891041, 0.0319193, 0.20928, 0, 0.106038, 0.466607, 0.105709, 0.0181783, 0, 0, 0, 1, 0, 0, 0, 0, 0, 1, 0, 0, 0, 0, 0, 0, 0, 0
10,  0.45,  0.982766,  1, 0.0383085, 0, 0, 0, 0, 0, 0.0117901, 0, 0.0679474, 0.904217, 0.0319193, 0.185372, 0, 0.0984931, 0.567349, 0.0967449, 0, 0, 0, 0, 1, 0, 0, 0, 0, 0, 1, 0, 0, 0, 0, 0, 0, 0, 0
11,  0.5,  0.983371,  1, 0.01574, 0, 0, 0, 0, 0, 0.0265735, 0, 0.0626542, 1.04996, 0, 0.150775, 0, 0.0506508, 0.715819, 0.202653, 0, 0, 0, 0, 1, 0, 0, 0, 0, 0, 1, 0, 0, 0, 0, 0, 0, 0, 0
12,  0.55,  0.982483,  1, 0, 0, 0, 0, 0, 0, 0.0265735, 0, 0.0553965, 1.01929, 0, 0.0765344, 0.0285843, 0.0126462, 0.875439, 0.271637, 0.000996514, 0, 0, 0, 1, 0, 0, 0, 0, 0, 1, 0, 0, 0, 0, 0, 0, 0, 0
13,  0.6,  0.981789,  1, 0, 0, 0, 0, 0, 0, 0.0147833, 0, 0.0557048, 1.08422, 0, 0.102927, 0.0486336, 0.00972165, 0.995774, 0.348805, 0.000996514, 0, 0, 0, 1, 0, 0, 0, 0, 0, 1, 0, 0, 0, 0, 0, 0, 0, 0
14,  0.65,  0.982236,  1, 0, 0, 0, 0, 0, 0, 0.0261664, 0, 0.0652125, 1.09333, 0, 0.106213, 0.0535936, 0.00972165, 1.01352, 0.315533, 0.00550241, 0, 0, 0, 1, 0, 0, 0, 0, 0, 1, 0, 0, 0, 0, 0, 0, 0, 0
15,  0.7,  0.982087,  1, 0, 0, 0, 0, 0, 0, 0.06594, 0, 0.0555848, 1.09624, 0, 0.159398, 0.0472582, 0.00972165, 0.951368, 0.315345, 0.0045059, 0, 0, 0, 1, 0, 0, 0, 0, 1, 1, 0, 0, 0, 0, 0, 0, 0, 0
16,  0.75,  0.982377,  1, 0, 0, 0, 0, 0, 0, 0.102216, 0, 0.0518823, 1.06865, 0, 0.184051, 0.0473807, 0, 0.886726, 0.238824, 0.0045059, 0, 0, 0, 1, 0, 0, 0, 0, 1, 1, 0, 0, 0, 0, 0, 0, 0, 0
17,  0.8,  0.982426,  1, 0, 0, 0, 0, 0, 0, 0.0989381, 0, 0.0569733, 1.03077, 0, 0.212259, 0.0424206, 0.0134663, 0.814685, 0.200762, 0, 0, 0, 0, 1, 0, 0, 0, 0, 0, 1, 0, 0, 0, 0, 0, 0, 0, 0
18,  0.85,  0.983008,  1, 0, 0, 0, 0, 0, 0, 0.0636671, 0, 0.0615401, 1.03867, 0, 0.24883, 0.0578907, 0.0401342, 0.755821, 0.199313, 0, 0, 0, 0, 1, 0, 0, 0, 0, 1, 1, 0, 0, 0, 0, 0, 0, 0, 0
19,  0.9,  0.983481,  1, 0, 0, 0, 0, 0, 0, 0.0135078, 0, 0.0632635, 1.05251, 0, 0.320326, 0.113157, 0.0800038, 0.67038, 0.236157, 0, 0, 0, 0, 1, 0, 0, 0, 0, 0, 1, 0, 0, 0, 0, 0, 0, 0, 0
