frame, timestamp, confidence, success, AU01_r, AU02_r, AU04_r, AU05_r, AU06_r, AU07_r, AU09_r, AU10_r, AU12_r, AU14_r, AU15_r, AU17_r, AU20_r, AU23_r, AU25_r, AU26_r, AU45_r, AU01_c, AU02_c, AU04_c, AU05_c, AU06_c, AU07_c, AU09_c, AU10_c, AU12_c, AU14_c, AU15_c, AU17_c, AU20_c, AU23_c, AU25_c, AU26_c, AU28_c, AU45_c
1,  0,  0.981454,  1, 0, 0, 0, 0, 0, 0, 0, 0, 0, 0.00430776, 0, 0, 0, 0, 0.0445788, 0, 0, 0, 0, 0, 1, 0, 0, 0, 0, 0, 0, 0, 0, 0, 1, 0, 0, 0, 0
2,  0.05,  0.98146,  1, 0, 0, 0, 0, 0, 0, 0, 0, 0, 0.00143592, 0, 0.0262931, 0, 0, 0.114795, 0.00647198, 0.0143864, 0, 0, 0, 1, 0, 0, 0, 0, 0, 0, 0, 0, 0, 1, 0, 0, 0, 0
3,  0.1,  0.981475,  1, 0, 0, 0, 0, 0, 0, 0, 0, 0, 0, 0, 0.0262931, 0, 0, 0.145878, 0.0150319, 0.0256197, 0, 0, 0, 0, 0, 0, 0, 0, 0, 0, 0, 0, 0, 1, 0, 0, 0, 0
4,  0.15,  0.981569,  1, 0, 0, 0, 0, 0, 0, 0, 0, 0, 0, 0.0172469, 0.0307711, 0, 0, 0.156416, 0.0342213, 0.034347, 0, 0, 0, 1, 0, 0, 0, 0, 0, 0, 0, 0, 0, 1, 0, 0, 0, 0
5,  0.2,  0.981587,  1, 0, 0, 0, 0, 0, 0, 0, 0, 0, 0, 0.0463024, 0.0366221, 0, 0, 0.167927, 0.0621271, 0.039026, 0, 0, 0, 1, 0, 0, 0, 0, 0, 0, 0, 0, 0, 1, 0, 0, 0, 0
6,  0.25,  0.98185,  1, 0.00596631, 0, 0, 0, 0, 0, 0, 0, 0, 0, 0.0463024, 0.108295, 0.00719072, 2.75655e-05, 0.155783, 0.0721507, 0.0456778, 0, 0, 0, 1, 0, 0, 0, 0, 0, 0, 0, 0, 0, 1, 0, 0, 0, 0
7,  0.3,  0.982062,  1, 0.0392456, 0, 0, 0, 0, 0, 0, 0, 0, 0, 0.0290556, 0.147782, 0.0291711, 0.024784, 0.111987, 0.0700219, 0.031185, 0, 0, 0, 1, 0, 0, 0, 0, 0, 0, 0, 0, 0, 1, 0, 0, 0, 0
8,  0.35,  0.982111,  1, 0.0392456, 0, 0, 0, 0, 0, 0.00559363, 0, 0, 0, 0.0146179, 0.182162, 0.0594911, 0.0254197, 0.0427418, 0.0568361, 0.0196372, 0, 0, 0, 1, 0, 0, 0, 0, 0, 0, 0, 0, 0, 1, 0, 0, 0, 0
9,  0.4,  0.982334,  1, 0.07387, 0, 0, 0, 0, 0, 0.00936951, 0, 0, 0, 0.0392829, 0.143061, 0.0806012, 0.0253921, 0.0089436, 0.0382527, 0.00175217, 0, 0, 0, 1, 0, 0, 0, 0, 0, 0, 0, 0, 0, 1, 0, 0, 0, 0
10,  0.45,  0.982255,  1, 0.0564714, 0.0241947, 0, 0, 0, 0, 0.00936951, 0, 0, 0, 0.0392829, 0.12165, 0.0586208, 0.00542171, 0, 0.01472, 0.00175217, 0, 0, 0, 1, 0, 0, 0, 0, 0, 0, 0, 0, 0, 1, 0, 0, 0, 0
11,  0.5,  0.981842,  1, 0.0564714, 0.0241947, 0, 0, 0, 0, 0.00377588, 0, 0, 0, 0.0246649, 0.102898, 0.0283008, 0.00478604, 0, 0, 0.0025316, 0, 0, 0, 1, 0, 0, 0, 0, 0, 0, 0, 0, 0, 1, 0, 0, 0, 0
12,  0.55,  0.981652,  1, 0.0158807, 0.0241947, 0, 0.0766159, 0, 0, 0, 0, 0, 0, 0.00613281, 0.0703258, 0, 0.00478604, 0, 0, 0.0025316, 0, 0, 0, 1, 0, 0, 0, 0, 0, 0, 0, 0, 0, 1, 0, 0, 0, 0
13,  0.6,  0.981482,  1, 0.0248229, 0, 0, 0.129472, 0, 0, 0, 0, 0, 0, 0.00613281, 0.0542641, 0, 0, 0.0122927, 0.0314696, 0.0025316, 0, 0, 0, 1, 0, 0, 0, 0, 0, 0, 0, 0, 0, 1, 0, 0, 0, 0
14,  0.65,  0.98175,  1, 0.0248229, 0, 0, 0.129472, 0, 0, 0.0289508, 0, 0, 0, 0.00613281, 0.0404734, 0, 0, 0.0511386, 0.0437145, 0, 0, 0, 0, 1, 0, 0, 0, 0, 0, 0, 0, 0, 0, 1, 0, 0, 0, 0
15,  0.7,  0.982653,  1, 0.0569141, 0.0189792, 0, 0.0788534, 0, 0, 0.0502703, 0, 0, 0, 0, 0.0404734, 0, 0.0152222, 0.125664, 0.0783499, 0, 0, 0, 0, 1, 0, 0, 0, 0, 0, 0, 0, 0, 0, 1, 0, 0, 0, 0
16,  0.75,  0.980749,  1, 0.0537439, 0.0648351, 0, 0.0259977, 0, 0, 0.0579579, 0, 0, 0, 0, 0.0203189, 0, 0.0317873, 0.113372, 0.0468803, 0, 0, 0, 0, 1, 0, 0, 0, 0, 0, 0, 0, 0, 0, 1, 0, 0, 0, 0
17,  0.8,  0.981873,  1, 0.0605308, 0.0746027, 0, 0.0259977, 0, 0, 0.0516141, 0, 0, 0, 0.0065504, 0.0336185, 0.0542829, 0.0541296, 0.0976377, 0.068118, 0, 0, 0, 0, 1, 0, 0, 0, 0, 0, 0, 0, 0, 0, 1, 0, 0, 0, 0
18,  0.85,  0.981669,  1, 0.0728932, 0.0556235, 0, 0, 0, 0, 0.0356088, 0, 0, 0, 0.0145624, 0.0629658, 0.0680457, 0.0465526, 0.0707067, 0.0700245, 0.00807044, 0, 0, 0, 1, 0, 0, 0, 0, 0, 0, 0, 0, 0, 1, 0, 0, 0, 0
19,  0.9,  0.981787,  1, 0.133361, 0, 0, 0, 0, 0, 0.0159426, 0, 0, 0, 0.0240361, 0.0880417, 0.0412885, 0.0229356, 0.142784, 0.109626, 0.0242113, 0, 0, 0, 1, 0, 0, 0, 0, 0, 0, 0, 0, 0, 0, 0, 0, 0, 0
