frame, timestamp, confidence, success, AU01_r, AU02_r, AU04_r, AU05_r, AU06_r, AU07_r, AU09_r, AU10_r, AU12_r, AU14_r, AU15_r, AU17_r, AU20_r, AU23_r, AU25_r, AU26_r, AU45_r, AU01_c, AU02_c, AU04_c, AU05_c, AU06_c, AU07_c, AU09_c, AU10_c, AU12_c, AU14_c, AU15_c, AU17_c, AU20_c, AU23_c, AU25_c, AU26_c, AU28_c, AU45_c
1,  0,  0.980088,  1, 0, 0, 0, 0, 0, 0, 0.0115324, 0, 0, 0.0235112, 0, 0, 0, 0, 0.0544546, 0, 0.022261, 0, 0, 0, 1, 0, 0, 0, 0, 0, 0, 0, 0, 0, 0, 0, 0, 0, 0
2,  0.05,  0.980281,  1, 0, 0, 0, 0, 0, 0, 0.00384414, 0, 0, 0.00783706, 0.0416501, 0.00965174, 0, 0, 0.0853228, 0.122082, 0.00986615, 0, 0, 0, 1, 0, 0, 0, 0, 0, 0, 0, 0, 0, 0, 0, 0, 0, 0
3,  0.1,  0.979549,  1, 0.0125184, 0, 0, 0, 0, 0, 0.00263355, 0, 0, 0, 0.0650591, 0.00965174, 0, 0, 0.0671713, 0.162478, 0.00244581, 0, 0, 0, 0, 0, 0, 0, 0, 0, 0, 0, 0, 0, 1, 0, 0, 0, 0
4,  0.15,  0.979522,  1, 0.0125184, 0.0352751, 0, 0, 0, 0, 0.00501107, 0, 0, 0, 0.0487045, 0.0139512, 0, 0, 0.039948, 0.202381, 0.00434876, 0, 0, 0, 1, 0, 0, 0, 0, 0, 0, 0, 0, 0, 1, 0, 0, 0, 0
5,  0.2,  0.980348,  1, 0.0125184, 0.0352751, 0, 0.063467, 0, 0, 0.00501107, 0, 0, 0.0295527, 0.023409, 0.118056, 0, 0.00709121, 0.0399926, 0.142201, 0.00434876, 0, 0, 0, 0, 0, 0, 0, 0, 0, 0, 0, 0, 0, 1, 0, 0, 0, 0
6,  0.25,  0.980094,  1, 0.0548669, 0.0352751, 0, 0.063467, 0, 0, 0.00237753, 0, 0, 0.0695767, 0, 0.250488, 0.0538907, 0.0547721, 0.118909, 0.101805, 0.0107865, 0, 0, 0, 0, 0, 0, 0, 0, 0, 1, 0, 0, 0, 1, 0, 0, 0, 0
7,  0.3,  0.979267,  1, 0.100123, 0.00324946, 0, 0.063467, 0, 0, 0, 0, 0, 0.117363, 0, 0.350802, 0.0694811, 0.108492, 0.134145, 0.012356, 0.00643773, 0, 0, 0, 1, 0, 0, 0, 0, 0, 1, 0, 0, 0, 1, 0, 0, 0, 0
8,  0.35,  0.978695,  1, 0.180795, 0.00324946, 0, 0, 0, 0, 0, 0, 0, 0.172144, 0, 0.420504, 0.119173, 0.166297, 0.0941525, 0, 0.00643773, 0, 0, 0, 0, 0, 0, 0, 0, 0, 1, 0, 0, 0, 1, 0, 0, 0, 0
9,  0.4,  0.978669,  1, 0.242016, 0, 0, 0, 0, 0, 0, 0, 0, 0.253001, 0, 0.52142, 0.149076, 0.194687, 0, 0, 0, 0, 0, 0, 0, 0, 0, 0, 0, 0, 1, 0, 1, 0, 1, 0, 0, 0, 0
