frame, timestamp, confidence, success, AU01_r, AU02_r, AU04_r, AU05_r, AU06_r, AU07_r, AU09_r, AU10_r, AU12_r, AU14_r, AU15_r, AU17_r, AU20_r, AU23_r, AU25_r, AU26_r, AU45_r, AU01_c, AU02_c, AU04_c, AU05_c, AU06_c, AU07_c, AU09_c, AU10_c, AU12_c, AU14_c, AU15_c, AU17_c, AU20_c, AU23_c, AU25_c, AU26_c, AU28_c, AU45_c
1,  0,  0.976204,  1, 0.537373, 0.735629, 0, 0, 0, 1.16814, 0.0522547, 0, 0, 0, 0, 0.220281, 0, 0.282842, 0.0620537, 0, 1.35073, 0, 0, 0, 0, 0, 1, 0, 0, 0, 1, 0, 1, 0, 1, 0, 0, 0, 1
2,  0.05,  0.972934,  1, 0.227415, 0.24521, 0, 0.0417009, 0, 0.923205, 0.0174182, 0, 0, 0, 0, 0.104359, 0, 0.103267, 0.0206846, 0.0234385, 0.857269, 0, 0, 0, 0, 0, 1, 0, 0, 0, 1, 1, 1, 0, 1, 0, 0, 0, 1
3,  0.1,  0.975729,  1, 0.112563, 0.0146639, 0, 0.0481658, 0, 0.629261, 0, 0, 0, 0, 0, 0.0390562, 0, 0.0457263, 0, 0.0234385, 0.42451, 0, 0, 0, 1, 0, 1, 0, 0, 0, 1, 0, 1, 0, 1, 0, 0, 0, 1
4,  0.15,  0.977014,  1, 0.0737936, 0.0146639, 0, 0.0780901, 0, 0.382571, 0, 0, 0, 0, 0, 0.00812423, 0, 0.08838, 0, 0.0652102, 0.155999, 0, 0, 0, 1, 0, 1, 0, 0, 0, 1, 0, 1, 0, 1, 0, 0, 0, 0
5,  0.2,  0.977639,  1, 0.111814, 0.0146639, 0, 0.0363891, 0, 0.270535, 0, 0, 0, 0, 0, 0.00812423, 0, 0.134713, 0, 0.0451882, 0.0267987, 0, 0, 0, 1, 0, 1, 0, 0, 0, 1, 0, 1, 0, 1, 0, 0, 0, 0
6,  0.25,  0.977757,  1, 0.0475412, 0, 0, 0.0652738, 0, 0.229412, 0, 0, 0, 0, 0, 0.00238085, 0, 0.142647, 0, 0.0451882, 0.00931381, 0, 0, 0, 1, 0, 1, 0, 0, 0, 1, 0, 1, 0, 1, 0, 0, 0, 0
7,  0.3,  0.977666,  1, 0.094648, 0.00678415, 0, 0.0353495, 0, 0.195978, 0, 0, 0, 0, 0, 0.0075436, 0, 0.152823, 0, 0.00118544, 0, 0, 0, 0, 1, 0, 1, 0, 0, 0, 1, 0, 1, 0, 1, 0, 0, 0, 0
8,  0.35,  0.977009,  1, 0.0471067, 0.00678415, 0, 0.0710937, 0, 0.145662, 0, 0, 0, 0, 0, 0.0324256, 0, 0.158767, 0.00188731, 0.00118544, 0, 0, 0, 0, 1, 0, 1, 0, 0, 0, 1, 0, 1, 0, 1, 0, 0, 0, 0
9,  0.4,  0.977839,  1, 0.0753652, 0.00678415, 0, 0.0631059, 0, 0.103521, 0, 0, 0, 0, 0, 0.0615377, 0, 0.174231, 0.00188731, 0.00118544, 0, 0, 0, 0, 1, 0, 1, 0, 0, 0, 1, 0, 1, 0, 1, 0, 0, 0, 0
10,  0.45,  0.977605,  1, 0.0331363, 0, 0, 0.0631059, 0, 0.0529121, 0, 0, 0, 0, 0, 0.0563749, 0, 0.179638, 0.00188731, 0, 0, 0, 0, 0, 1, 0, 1, 0, 0, 0, 1, 0, 1, 0, 1, 0, 0, 0, 0
11,  0.5,  0.977947,  1, 0.0756724, 0, 0, 0.0345382, 0, 0.0999234, 0, 0, 0, 0, 0, 0.0433646, 0, 0.1668, 0.00625663, 0.0141037, 0, 0, 0, 0, 1, 0, 1, 0, 0, 0, 1, 0, 1, 0, 1, 0, 0, 0, 0
12,  0.55,  0.977873,  1, 0.0608284, 0, 0, 0.00717649, 0, 0.143132, 0, 0, 0, 0, 0, 0.0487239, 0, 0.159116, 0.00625663, 0.021565, 0, 0, 0, 0, 1, 0, 1, 0, 0, 0, 1, 0, 1, 0, 1, 0, 0, 0, 0
13,  0.6,  0.97787,  1, 0.0832142, 0, 0, 0.00717649, 0, 0.196215, 0, 0, 0, 0, 0, 0.0487239, 0, 0.156859, 0.00625663, 0.021565, 0, 0, 0, 0, 1, 0, 1, 0, 0, 0, 1, 0, 1, 0, 1, 0, 0, 0, 0
14,  0.65,  0.978337,  1, 0.040678, 0, 0, 0, 0, 0.196484, 0, 0, 0, 0, 0, 0.0545076, 0, 0.155818, 0.0381896, 0.00746129, 0, 0, 0, 0, 1, 0, 1, 0, 0, 0, 1, 0, 1, 0, 1, 0, 0, 0, 0
15,  0.7,  0.978467,  1, 0.104687, 0, 0, 0, 0, 0.27014, 0, 0, 0, 0, 0, 0.0176555, 0, 0.160112, 0.0658345, 0.0103115, 0, 0, 0, 0, 1, 0, 1, 0, 0, 0, 1, 0, 1, 0, 1, 0, 0, 0, 0
16,  0.75,  0.977364,  1, 0.114966, 0.0407323, 0, 0, 0, 0.178534, 0, 0, 0, 0, 0, 0.0484451, 0, 0.140806, 0.0869469, 0.0103115, 0, 0, 0, 0, 1, 0, 0, 0, 0, 0, 1, 0, 1, 0, 1, 0, 0, 0, 0
17,  0.8,  0.978248,  1, 0.135547, 0.0407323, 0, 0.0685667, 0, 0.129036, 0, 0, 0, 0, 0, 0.0545802, 0, 0.151155, 0.0487573, 0.0103115, 0, 0, 0, 0, 1, 0, 0, 0, 0, 0, 1, 0, 1, 0, 1, 0, 0, 0, 0
18,  0.85,  0.977014,  1, 0.068211, 0.0407323, 0, 0.0685667, 0, 0.0122077, 0, 0, 0, 0, 0, 0.0545802, 0, 0.128726, 0.0508471, 0, 0, 0, 0, 0, 1, 0, 0, 0, 0, 0, 1, 0, 1, 0, 1, 0, 0, 0, 0
19,  0.9,  0.977802,  1, 0.0684942, 0, 0, 0.0685667, 0, 0.0620152, 0, 0, 0, 0, 0, 0.029301, 0, 0.142179, 0.0297348, 0, 0, 0, 0, 0, 1, 0, 0, 0, 0, 0, 1, 0, 1, 0, 1, 0, 0, 0, 0
20,  0.95,  0.978004,  1, 0.113265, 0, 0, 0, 0, 0.0901845, 0, 0, 0, 0, 0, 0.0325642, 0, 0.117982, 0.0297348, 0, 0, 0, 0, 0, 1, 0, 0, 0, 0, 0, 1, 0, 1, 0, 1, 0, 0, 0, 0
21,  1,  0.978719,  1, 0.153098, 0.0136745, 0, 0, 0, 0.277503, 0, 0, 0.119594, 0, 0, 0.0325642, 0, 0.0836633, 0.183676, 0, 0, 0, 0, 0, 1, 0, 0, 0, 0, 0, 1, 0, 1, 0, 1, 0, 0, 0, 0
22,  1.05,  0.981339,  1, 0.14978, 0.0136745, 0, 0, 0, 0.465931, 0, 0, 0.47366, 0, 0, 0.0270538, 0.0286292, 0.0335373, 0.512293, 0, 0, 0, 0, 0, 1, 0, 1, 0, 0, 1, 1, 0, 0, 0, 1, 0, 0, 0, 0
23,  1.1,  0.976817,  1, 0.170943, 0.0136745, 0, 0, 0.139593, 0.945304, 0, 0, 1.18573, 0.233213, 0, 0, 0.126472, 0, 1.3542, 0.0793986, 0, 0, 0, 0, 1, 1, 1, 0, 0, 1, 1, 0, 0, 0, 1, 0, 0, 0, 0
24,  1.15,  0.972087,  1, 0.197993, 0, 0, 0, 0.416453, 1.41241, 0, 0.00258293, 1.95647, 0.505684, 0, 0, 0.126472, 0, 2.25067, 0.163984, 0, 0, 0, 0, 1, 1, 1, 0, 0, 1, 1, 0, 0, 0, 0, 1, 0, 0, 0
25,  1.2,  0.971617,  1, 0.178655, 0, 0, 0, 0.832519, 2.00386, 0.0545851, 0.134596, 2.61797, 0.798845, 0.048328, 0, 0.15878, 0, 3.02888, 0.265388, 0, 0, 0, 0, 0, 1, 1, 0, 0, 1, 1, 0, 0, 0, 0, 1, 0, 0, 0
26,  1.25,  0.972472,  1, 0.0921404, 0, 0, 0, 1.19473, 2.40774, 0.12037, 0.411456, 2.97367, 0.874833, 0.048328, 0.00482306, 0.0609367, 0, 3.29169, 0.305536, 0.0195112, 0, 0, 0, 0, 1, 1, 0, 1, 1, 1, 0, 0, 0, 0, 1, 0, 0, 0
27,  1.3,  0.977495,  1, 0.0151699, 0, 0, 0, 1.48834, 2.69149, 0.12037, 0.762064, 3.20355, 0.982839, 0.19221, 0.0633874, 0.0946103, 0, 3.3628, 0.290405, 0.0195842, 0, 0, 0, 0, 1, 1, 0, 1, 1, 1, 0, 0, 0, 0, 1, 0, 0, 0
28,  1.35,  0.980039,  1, 0, 0, 0, 0, 1.68781, 2.73603, 0.0880237, 0.997425, 3.34652, 1.06023, 0.265959, 0.166871, 0.0394079, 0, 3.43325, 0.23408, 0.0384361, 0, 0, 0, 0, 1, 1, 0, 1, 1, 1, 0, 0, 0, 0, 1, 0, 0, 0
29,  1.4,  0.980868,  1, 0, 0, 0, 0, 1.8204, 2.74066, 0.0361591, 1.15136, 3.43607, 1.15851, 0.360923, 0.297038, 0.0467707, 0, 3.41692, 0.227171, 0.0418674, 0, 0, 0, 0, 1, 1, 0, 1, 1, 1, 0, 0, 0, 0, 1, 0, 0, 0
30,  1.45,  0.982072,  1, 0, 0, 0, 0, 1.94245, 2.80154, 0.0361591, 1.23872, 3.48618, 1.17699, 0.302361, 0.403441, 0.0243867, 0, 3.44318, 0.273995, 0.0622615, 0, 0, 0, 0, 1, 1, 0, 1, 1, 1, 0, 0, 0, 0, 1, 0, 0, 0
31,  1.5,  0.981765,  1, 0, 0, 0, 0, 2.02293, 2.8542, 0.0512898, 1.39617, 3.48211, 1.22244, 0.318573, 0.430452, 0.0682726, 0, 3.47942, 0.490035, 0.0630206, 0, 0, 0, 0, 1, 1, 0, 1, 1, 1, 0, 0, 0, 0, 1, 0, 0, 0
32,  1.55,  0.981518,  1, 0, 0, 0, 0, 2.10164, 2.97765, 0.0373697, 1.44694, 3.46876, 1.19498, 0.32745, 0.427501, 0.125845, 0, 3.59677, 0.517732, 0.0415634, 0, 0, 0, 0, 1, 1, 0, 1, 1, 1, 0, 0, 0, 0, 1, 0, 0, 0
33,  1.6,  0.981854,  1, 0, 0.000721915, 0, 0, 2.10298, 2.93534, 0.0373697, 1.50142, 3.43684, 1.11884, 0.333771, 0.40091, 0.236911, 0, 3.6197, 0.484328, 0.0694327, 0, 0, 0, 0, 1, 1, 0, 1, 1, 1, 0, 0, 0, 0, 1, 0, 0, 0
34,  1.65,  0.982422,  1, 0, 0.000721915, 0, 0, 2.1188, 3.06534, 0.026618, 1.53923, 3.42656, 1.1204, 0.295718, 0.446812, 0.267592, 0, 3.59272, 0.38852, 0.0498216, 0, 0, 0, 0, 1, 1, 0, 1, 1, 1, 0, 0, 0, 0, 1, 0, 0, 0
35,  1.7,  0.981236,  1, 0, 0.000721915, 0, 0, 2.13708, 3.02609, 0.0389106, 1.52576, 3.43476, 1.14644, 0.311619, 0.537523, 0.226606, 0, 3.55211, 0.419533, 0.0693627, 0, 0, 0, 0, 1, 1, 0, 1, 1, 1, 0, 0, 0, 0, 1, 0, 0, 0
36,  1.75,  0.982254,  1, 0, 0, 0, 0, 2.21231, 3.10134, 0.0726427, 1.52756, 3.43266, 1.21583, 0.327105, 0.50141, 0.150205, 0, 3.57341, 0.523861, 0.0364584, 0, 0, 0, 0, 1, 1, 0, 1, 1, 1, 0, 0, 0, 0, 1, 0, 0, 0
37,  1.8,  0.980886,  1, 0, 0.0594657, 0, 0, 2.22681, 3.14362, 0.0809828, 1.43447, 3.42039, 1.14743, 0.256315, 0.464136, 0.0794349, 0, 3.59338, 0.521941, 0.0364584, 0, 0, 0, 0, 1, 1, 0, 1, 1, 1, 0, 0, 0, 0, 1, 0, 0, 0
38,  1.85,  0.980193,  1, 0, 0.139586, 0, 0, 2.20212, 3.21535, 0.0752684, 1.42438, 3.40632, 1.15837, 0.222213, 0.481069, 0.0788471, 0, 3.57499, 0.490813, 0.0272818, 0, 0, 0, 0, 1, 1, 0, 1, 1, 1, 0, 0, 0, 0, 1, 0, 0, 0
39,  1.9,  0.979836,  1, 0, 0.15363, 0, 0, 2.12121, 3.23335, 0.0477172, 1.38873, 3.40693, 1.13606, 0.115085, 0.584312, 0.0328922, 0, 3.42709, 0.481751, 0.014153, 0, 0, 0, 0, 1, 1, 0, 1, 1, 1, 0, 0, 0, 0, 1, 0, 0, 0
40,  1.95,  0.979284,  1, 0, 0.0987547, 0, 0, 2.10524, 3.19333, 0.0544736, 1.32957, 3.40736, 1.2163, 0.0939937, 0.593403, 0.0233603, 0, 3.32936, 0.4392, 0.0179306, 0, 0, 0, 0, 1, 1, 0, 1, 1, 1, 0, 0, 0, 0, 1, 0, 0, 0
41,  2,  0.979343,  1, 0, 0.0186348, 0, 0, 2.11412, 3.1895, 0.128447, 1.32495, 3.41109, 1.16902, 0.00835439, 0.408117, 0, 0, 3.32268, 0.475613, 0.0164153, 0, 0, 0, 0, 1, 1, 0, 1, 1, 1, 0, 0, 0, 0, 1, 0, 0, 0
42,  2.05,  0.980177,  1, 0, 0.0639559, 0, 0, 2.12651, 3.26898, 0.167285, 1.28204, 3.42283, 1.23284, 0.0517603, 0.260695, 0, 0, 3.36954, 0.420482, 0.0270962, 0, 0, 0, 0, 1, 1, 0, 1, 1, 1, 0, 0, 0, 0, 1, 0, 0, 0
43,  2.1,  0.980607,  1, 0, 0.0593654, 0, 0, 2.09709, 3.34758, 0.196438, 1.28782, 3.44009, 1.21544, 0.0958796, 0.188846, 0, 0, 3.37688, 0.429454, 0.0387254, 0, 0, 0, 0, 1, 1, 0, 1, 1, 1, 0, 0, 0, 0, 1, 0, 0, 0
44,  2.15,  0.980177,  1, 0, 0.0593654, 0, 0, 2.04639, 3.3727, 0.145701, 1.18862, 3.4581, 1.20681, 0.155474, 0.183626, 0, 0, 3.33729, 0.359837, 0.0391575, 0, 0, 0, 0, 1, 1, 0, 1, 1, 1, 0, 0, 0, 0, 1, 0, 0, 0
45,  2.2,  0.978621,  1, 0, 0, 0, 0, 1.99465, 3.2798, 0.0894451, 1.06256, 3.4795, 1.08333, 0.178783, 0.147531, 0, 0, 3.3014, 0.321049, 0.0322994, 0, 0, 0, 0, 1, 1, 0, 1, 1, 1, 0, 0, 0, 0, 1, 0, 0, 0
