frame, timestamp, confidence, success, AU01_r, AU02_r, AU04_r, AU05_r, AU06_r, AU07_r, AU09_r, AU10_r, AU12_r, AU14_r, AU15_r, AU17_r, AU20_r, AU23_r, AU25_r, AU26_r, AU45_r, AU01_c, AU02_c, AU04_c, AU05_c, AU06_c, AU07_c, AU09_c, AU10_c, AU12_c, AU14_c, AU15_c, AU17_c, AU20_c, AU23_c, AU25_c, AU26_c, AU28_c, AU45_c
1,  0,  0.990892,  1, 0.170812, 0.318921, 0.259044, 0, 0, 1.86602, 0, 0, 0.427795, 0, 0.840972, 1.25193, 0, 0.736825, 0, 0.220989, 0, 0, 1, 0, 0, 0, 1, 0, 0, 0, 1, 1, 1, 0, 1, 0, 0, 0, 0
2,  0.05,  0.991358,  1, 0.16197, 0.173225, 0.259772, 0, 0, 1.73333, 0, 0, 0.506881, 0, 0.688817, 1.09021, 0, 0.690646, 0, 0.0783956, 0, 0, 1, 0, 0, 0, 1, 0, 1, 0, 1, 1, 1, 0, 0, 0, 0, 0, 0
3,  0.1,  0.991602,  1, 0.126867, 0.0781334, 0.269816, 0, 0, 1.84185, 0, 0, 0.62184, 0, 0.549989, 0.976151, 0, 0.674102, 0, 0.00736497, 0.0204909, 0, 1, 0, 0, 0, 1, 0, 0, 0, 1, 1, 1, 0, 0, 0, 0, 0, 0
4,  0.15,  0.991695,  1, 0.165605, 0.178112, 0.309712, 0, 0.099495, 2.04322, 0, 0.0640422, 0.879122, 0, 0.446886, 0.956085, 0.0819399, 0.605343, 0, 0.0353756, 0.0547184, 0, 0, 0, 0, 0, 1, 0, 1, 1, 1, 1, 1, 0, 0, 0, 0, 0, 0
5,  0.2,  0.990881,  1, 0.128437, 0.111194, 0.327405, 0, 0.34198, 2.32066, 0, 0.372398, 1.29719, 0.0603819, 0.359528, 0.850769, 0.314286, 0.450265, 0, 0.030643, 0.0721489, 0, 0, 0, 0, 0, 1, 0, 1, 1, 1, 1, 1, 0, 0, 0, 0, 0, 0
6,  0.25,  0.990834,  1, 0.123029, 0.0999788, 0.448633, 0, 0.723392, 2.54808, 0.00692368, 0.882609, 1.85081, 0.250758, 0.218032, 0.618004, 0.530841, 0.221202, 0.432456, 0.0280106, 0.0695263, 0, 0, 0, 0, 1, 1, 0, 1, 1, 1, 1, 1, 0, 0, 0, 0, 0, 0
7,  0.3,  0.991348,  1, 0.0741179, 0, 0.506393, 0, 1.13174, 2.82737, 0.0557016, 1.49164, 2.36553, 0.473094, 0.116246, 0.38425, 0.49064, 0.0713911, 0.995692, 0, 0.0458145, 0, 0, 0, 0, 1, 1, 0, 1, 1, 1, 1, 0, 0, 0, 0, 0, 0, 0
8,  0.35,  0.991488,  1, 0.0289924, 0, 0.561806, 0.0394742, 1.43685, 3.02227, 0.0696276, 1.86593, 2.78814, 0.597979, 0, 0.199972, 0.258294, 0, 1.64045, 0.0191561, 0.028384, 0, 0, 0, 0, 1, 1, 0, 1, 1, 1, 0, 0, 0, 0, 0, 0, 0, 0
9,  0.4,  0.990631,  1, 0.0125658, 0, 0.506118, 0.0394742, 1.65334, 3.18688, 0.0774505, 2.07508, 3.03826, 0.571174, 0, 0.129485, 0.0417395, 0, 1.9913, 0.0191561, 0.0105157, 0, 0, 0, 0, 1, 1, 0, 1, 1, 1, 0, 0, 0, 0, 0, 0, 0, 0
10,  0.45,  0.99063,  1, 0.00543028, 0, 0.45309, 0.0394742, 1.77036, 3.23165, 0.0293658, 2.15651, 3.22992, 0.572549, 0, 0.0666557, 0.00884308, 0, 2.15899, 0.0405394, 0, 0, 0, 0, 0, 1, 1, 0, 1, 1, 1, 0, 0, 0, 0, 0, 0, 0, 0
11,  0.5,  0.990393,  1, 0, 0, 0.465728, 0, 1.87411, 3.28883, 0.0231544, 2.24969, 3.35535, 0.560708, 0, 0, 0.00884308, 0, 2.34931, 0.0940674, 0, 0, 0, 0, 0, 1, 1, 0, 1, 1, 1, 0, 0, 0, 0, 1, 0, 0, 0
12,  0.55,  0.989901,  1, 0, 0, 0.444456, 0, 1.92489, 3.28369, 0.041011, 2.33742, 3.45871, 0.593304, 0, 0, 0.00884308, 0, 2.38058, 0.18956, 0, 0, 0, 0, 0, 1, 1, 0, 1, 1, 1, 0, 0, 0, 0, 1, 0, 0, 0
13,  0.6,  0.989168,  1, 0, 0, 0.46245, 0.00548814, 1.92547, 3.22017, 0.0403179, 2.29489, 3.49038, 0.529439, 0, 0.0462965, 0, 0, 2.49043, 0.252087, 0, 0, 0, 0, 0, 1, 1, 0, 1, 1, 1, 0, 0, 0, 0, 1, 0, 0, 0
14,  0.65,  0.988914,  1, 0, 0, 0.386018, 0.00548814, 1.90516, 3.18395, 0.0326033, 2.24289, 3.48787, 0.432781, 0, 0.0462965, 0, 0.00368263, 2.44927, 0.239548, 0.00678492, 0, 0, 0, 0, 1, 1, 0, 1, 1, 1, 0, 0, 0, 0, 1, 0, 0, 0
15,  0.7,  0.98856,  1, 0, 0, 0.363939, 0.00548814, 1.8838, 3.10657, 0, 2.18401, 3.51226, 0.367643, 0, 0.0736005, 0, 0.00368263, 2.43349, 0.144055, 0.00854753, 0, 0, 0, 0, 1, 1, 0, 1, 1, 1, 0, 0, 0, 0, 0, 0, 0, 0
16,  0.75,  0.989085,  1, 0, 0, 0.410228, 0.0318315, 1.89292, 3.19994, 0, 2.23321, 3.5426, 0.325365, 0, 0.0524755, 0, 0.00368263, 2.36306, 0.0843699, 0.0382428, 0, 0, 0, 0, 1, 1, 0, 1, 1, 1, 0, 0, 0, 0, 0, 0, 0, 0
17,  0.8,  0.989007,  1, 0, 0, 0.469777, 0.0318315, 1.87682, 3.26409, 0, 2.2141, 3.51208, 0.393078, 0, 0.112699, 0.0110019, 0.00868697, 2.3035, 0.024225, 0.0314579, 0, 0, 1, 0, 1, 1, 0, 1, 1, 1, 0, 0, 0, 0, 0, 0, 0, 0
18,  0.85,  0.989057,  1, 0, 0, 0.534877, 0.0318315, 1.86813, 3.30209, 0, 2.16736, 3.41968, 0.37817, 0.0159502, 0.155753, 0.0110019, 0.00868697, 2.18178, 0.0253434, 0.0313527, 0, 0, 1, 0, 1, 1, 0, 1, 1, 1, 0, 0, 0, 0, 0, 0, 0, 0
19,  0.9,  0.989524,  1, 0, 0, 0.551045, 0, 1.85588, 3.23416, 0, 2.10441, 3.28993, 0.34836, 0.0478505, 0.211071, 0, 0, 2.03117, 0.00335531, 0.00497216, 0, 0, 0, 0, 1, 1, 0, 1, 1, 1, 0, 0, 0, 0, 0, 0, 0, 0
