frame, timestamp, confidence, success, AU01_r, AU02_r, AU04_r, AU05_r, AU06_r, AU07_r, AU09_r, AU10_r, AU12_r, AU14_r, AU15_r, AU17_r, AU20_r, AU23_r, AU25_r, AU26_r, AU45_r, AU01_c, AU02_c, AU04_c, AU05_c, AU06_c, AU07_c, AU09_c, AU10_c, AU12_c, AU14_c, AU15_c, AU17_c, AU20_c, AU23_c, AU25_c, AU26_c, AU28_c, AU45_c
1,  0,  0.983104,  1, 0, 0, 0.314166, 0, 0, 0, 0, 0, 0, 0, 0.168135, 0.942422, 0.413685, 1.12255, 0, 0, 0, 0, 0, 0, 0, 0, 0, 1, 0, 0, 0, 1, 1, 1, 0, 0, 0, 1, 0
2,  0.05,  0.983391,  1, 0, 0, 0.467197, 0, 0, 0, 0.0998921, 0, 0, 0, 0.056045, 0.799723, 0.310762, 1.09776, 0, 0.000616852, 0, 0, 0, 1, 0, 0, 0, 1, 0, 0, 0, 1, 1, 1, 0, 0, 0, 1, 0
3,  0.1,  0.984605,  1, 0, 0, 0.538251, 0, 0, 0, 0.120666, 0, 0, 0, 0, 0.546298, 0.30062, 1.02537, 0, 0.000616852, 0, 0, 0, 1, 0, 0, 0, 1, 0, 0, 0, 1, 1, 1, 0, 0, 0, 1, 0
4,  0.15,  0.984787,  1, 0, 0, 0.573505, 0, 0, 0.0654203, 0.115792, 0, 0, 0, 0, 0.272328, 0.217025, 0.925128, 0, 0.14611, 0, 0, 0, 1, 0, 0, 0, 1, 0, 0, 0, 1, 1, 1, 0, 0, 0, 1, 0
5,  0.2,  0.983672,  1, 0, 0, 0.730744, 0, 0, 0.0961887, 0.133148, 0, 0, 0, 0.00235974, 0.0607151, 0.127753, 0.554446, 0, 0.457218, 0.015856, 0, 0, 1, 0, 0, 0, 1, 0, 0, 0, 1, 1, 1, 0, 0, 0, 1, 0
6,  0.25,  0.979109,  1, 0, 0, 0.861759, 0, 0, 0.147879, 0.155571, 0, 0, 0, 0.00235974, 0.332216, 0, 0.536612, 0.00743384, 0.554579, 0.015856, 0, 0, 1, 0, 0, 0, 1, 0, 0, 0, 0, 1, 0, 0, 0, 0, 0, 0
7,  0.3,  0.977624,  1, 0, 0, 0.916266, 0, 0, 0.107336, 0.112613, 0, 0, 0, 0.00235974, 0.332216, 0.0176695, 0.405428, 0.00743384, 0.460505, 0.0181525, 0, 0, 1, 0, 0, 0, 1, 0, 0, 0, 0, 1, 0, 0, 0, 0, 0, 0
8,  0.35,  0.975031,  1, 0, 0, 0.79494, 0, 0, 0.155804, 0.0551004, 0, 0, 0, 0, 0.332216, 0.0176695, 0.440224, 0.130718, 0.14878, 0.00229655, 0, 0, 1, 1, 0, 0, 1, 0, 0, 0, 0, 1, 0, 0, 0, 0, 0, 0
9,  0.4,  0.972318,  1, 0, 0, 0.72462, 0, 0, 0.104114, 0.0119034, 0, 0, 0, 0, 0.0292497, 0.0293666, 0.156269, 0.311631, 0.0514197, 0.00358457, 0, 0, 1, 1, 0, 0, 1, 0, 0, 0, 0, 0, 0, 0, 0, 0, 0, 0
10,  0.45,  0.972041,  1, 0.16364, 0.0670148, 0.714118, 0, 0, 0.0792363, 0, 0, 0, 0, 0, 0.0361672, 0.011697, 0.0347968, 0.41107, 0, 0.0023568, 0, 0, 1, 1, 0, 0, 0, 0, 0, 0, 0, 0, 0, 0, 0, 0, 0, 0
11,  0.5,  0.968691,  1, 0.41424, 0.194822, 0.808196, 0.00560437, 0, 0, 0, 0, 0, 0, 8.50287e-05, 0.0796697, 0.011697, 0, 0.500887, 0.0106203, 0.0223526, 1, 1, 1, 1, 0, 0, 0, 0, 0, 0, 0, 0, 0, 0, 1, 0, 0, 0
12,  0.55,  0.969169,  1, 0.569583, 0.262097, 0.805283, 0.00560437, 0, 0, 0, 0, 0, 0, 8.50287e-05, 0.0504199, 0, 0, 0.441473, 0.047783, 0.0513117, 1, 1, 1, 1, 0, 0, 0, 0, 0, 0, 0, 0, 0, 1, 1, 0, 0, 0
13,  0.6,  0.968093,  1, 0.46782, 0.195082, 0.762204, 0.00560437, 0, 0, 0, 0, 0, 0, 8.50287e-05, 0.131696, 0, 0, 0.443548, 0.047783, 0.0651252, 1, 1, 1, 1, 0, 0, 0, 0, 0, 0, 0, 0, 0, 1, 1, 0, 0, 0
14,  0.65,  0.964935,  1, 0.30427, 0.0672749, 0.708344, 0.028077, 0, 0, 0, 0, 0, 0, 0.0216836, 0.0881937, 0, 0, 0.37454, 0.0371627, 0.0451293, 1, 1, 1, 1, 0, 0, 0, 0, 0, 0, 0, 0, 0, 1, 1, 0, 0, 0
15,  0.7,  0.96565,  1, 0.203311, 0, 0.693896, 0.028077, 0, 0, 0, 0, 0, 0, 0.0216836, 0.131771, 0, 0, 0.415715, 0.0686745, 0.0148822, 1, 1, 1, 1, 0, 0, 0, 0, 0, 0, 1, 0, 0, 1, 1, 0, 0, 0
16,  0.75,  0.959888,  1, 0.141434, 0, 0.667081, 0.028077, 0, 0, 0, 0, 0, 0, 0.0393961, 0.0689158, 0, 0, 0.502713, 0.0863154, 0.0123957, 1, 1, 1, 1, 0, 0, 0, 0, 0, 0, 1, 0, 0, 1, 1, 0, 0, 0
17,  0.8,  0.957453,  1, 0.102777, 0, 0.675609, 0, 0, 0, 0, 0, 0, 0, 0.0177125, 0.161836, 0, 0, 0.600755, 0.181053, 0.0123957, 1, 1, 1, 1, 0, 0, 0, 0, 0, 0, 1, 0, 0, 1, 1, 0, 0, 0
18,  0.85,  0.956473,  1, 0.173685, 0.0358296, 0.746351, 0.0195012, 0, 0, 0, 0, 0, 0, 0.0698404, 0.271954, 0, 0, 0.753032, 0.342516, 0.0123957, 1, 1, 1, 1, 0, 0, 0, 0, 0, 0, 1, 0, 0, 1, 1, 0, 0, 0
19,  0.9,  0.955999,  1, 0.239394, 0.0358296, 0.781976, 0.0195012, 0, 0, 0, 0, 0, 0, 0.0658188, 0.382962, 0, 0, 0.883293, 0.660064, 0.00784288, 1, 1, 1, 1, 0, 0, 0, 0, 0, 0, 0, 0, 0, 1, 1, 0, 0, 0
20,  0.95,  0.953253,  1, 0.197125, 0, 0.747837, 0, 0, 0, 0, 0, 0, 0, 0.0410726, 0.409039, 0, 0, 0.956319, 1.00557, 0.0235286, 1, 1, 1, 1, 0, 0, 0, 0, 0, 0, 1, 1, 0, 1, 1, 0, 0, 0
