frame, timestamp, confidence, success, AU01_r, AU02_r, AU04_r, AU05_r, AU06_r, AU07_r, AU09_r, AU10_r, AU12_r, AU14_r, AU15_r, AU17_r, AU20_r, AU23_r, AU25_r, AU26_r, AU45_r, AU01_c, AU02_c, AU04_c, AU05_c, AU06_c, AU07_c, AU09_c, AU10_c, AU12_c, AU14_c, AU15_c, AU17_c, AU20_c, AU23_c, AU25_c, AU26_c, AU28_c, AU45_c
1,  0,  0.972076,  1, 0, 0, 0, 0, 0, 1.31184, 0.926976, 0, 0, 0, 0, 0, 0.348793, 1.68311, 0, 0, 0, 0, 0, 0, 0, 0, 1, 1, 0, 0, 1, 0, 1, 1, 1, 0, 0, 0, 0
2,  0.05,  0.970651,  1, 0, 0, 0, 0, 0, 1.32082, 0.924398, 0, 0, 0, 0, 0, 0.447229, 1.64254, 0, 0, 0, 0, 0, 0, 1, 0, 1, 1, 0, 0, 1, 0, 1, 1, 1, 0, 0, 0, 0
3,  0.1,  0.971007,  1, 0, 0, 0, 0, 0, 1.27994, 0.857687, 0, 0, 0, 0, 0.0308584, 0.49841, 1.59715, 0, 0, 0, 0, 0, 0, 1, 0, 1, 1, 0, 0, 1, 0, 1, 1, 1, 0, 0, 0, 0
4,  0.15,  0.970827,  1, 0, 0, 0, 0, 0, 1.0581, 0.667331, 0, 0, 0, 0, 0.138434, 0.376338, 1.51663, 0, 0, 0, 0, 0, 0, 1, 0, 1, 1, 0, 0, 1, 0, 1, 1, 1, 0, 0, 0, 0
5,  0.2,  0.969127,  1, 0, 0, 0, 0, 0, 0.995673, 0.409367, 0, 0.000995736, 0, 0, 0.266854, 0.293641, 1.332, 0, 0, 0, 0, 0, 0, 1, 0, 1, 1, 0, 0, 0, 0, 1, 1, 1, 0, 0, 0, 0
6,  0.25,  0.966855,  1, 0, 0, 0, 0, 0, 0.973041, 0.24119, 0, 0.0531093, 0, 0, 0.386478, 0.126196, 1.01021, 0.40347, 0, 0, 0, 0, 0, 1, 0, 1, 0, 0, 0, 0, 0, 1, 1, 1, 0, 0, 0, 0
7,  0.3,  0.961541,  1, 0, 0, 0, 0, 0, 1.17509, 0.118844, 0, 0.183159, 0, 0, 0.310379, 0.0491961, 0.635062, 1.02301, 0.161191, 0, 0, 0, 0, 1, 0, 1, 0, 0, 0, 0, 0, 1, 1, 1, 0, 0, 0, 0
8,  0.35,  0.957147,  1, 0.109611, 0.116296, 0, 0.0473237, 0, 1.20053, 0.0741046, 0, 0.347361, 0, 0, 0.253701, 0, 0.286615, 1.8092, 0.478581, 0, 0, 0, 0, 1, 0, 1, 0, 0, 0, 0, 0, 1, 0, 1, 0, 0, 0, 0
9,  0.4,  0.947868,  1, 0.225187, 0.174673, 0, 0.0473237, 0, 1.24046, 0, 0, 0.460566, 0, 0, 0.103219, 0, 0.0927559, 2.41099, 0.867559, 0.00757715, 0, 0, 0, 1, 0, 1, 0, 0, 0, 0, 0, 1, 0, 0, 0, 0, 0, 0
10,  0.45,  0.941704,  1, 0.391131, 0.21287, 0, 0.110297, 0, 1.1886, 0, 0, 0.438566, 0, 0, 0.244908, 0, 0, 2.75024, 0.888051, 0.00757715, 1, 0, 0, 1, 0, 1, 0, 0, 0, 0, 0, 1, 0, 0, 0, 0, 0, 0
11,  0.5,  0.943286,  1, 0.404446, 0.106473, 0, 0.0629736, 0, 1.26373, 0, 0, 0.376013, 0, 0, 0.173165, 0, 0, 3.03657, 0.817583, 0.0444445, 1, 0, 0, 1, 0, 1, 0, 0, 0, 0, 0, 0, 0, 0, 1, 0, 0, 0
12,  0.55,  0.936444,  1, 0.367081, 0.0480954, 0, 0.0629736, 0, 1.19037, 0, 0, 0.376571, 0, 0.0294093, 0.183881, 0, 0, 3.14951, 0.585405, 0.0941915, 1, 0, 0, 1, 0, 1, 0, 0, 0, 0, 0, 0, 0, 0, 1, 1, 0, 0
13,  0.6,  0.934256,  1, 0.237065, 0.00989833, 0, 0.0107325, 0, 1.28586, 0, 0, 0.433889, 0, 0.0614123, 0.0570081, 0, 0, 3.3332, 0.471621, 0.105577, 1, 0, 0, 1, 0, 1, 0, 0, 0, 0, 0, 0, 0, 0, 1, 1, 0, 0
14,  0.65,  0.926689,  1, 0.114139, 0, 0, 0.0107325, 0, 1.4633, 0, 0, 0.469485, 0, 0.200113, 0.216476, 0, 0, 3.488, 0.494539, 0.105268, 1, 0, 0, 1, 0, 1, 0, 0, 0, 0, 0, 0, 0, 0, 1, 1, 0, 1
15,  0.7,  0.924239,  1, 0.0716468, 0, 0, 0.0107325, 0, 1.69165, 0, 0, 0.43848, 0, 0.350049, 0.225241, 0, 0, 3.54407, 0.499259, 0.100473, 1, 0, 0, 1, 0, 1, 0, 0, 0, 0, 0, 0, 0, 0, 1, 1, 0, 1
16,  0.75,  0.919113,  1, 0.0686874, 0, 0, 0, 0, 1.83722, 0, 0, 0.402605, 0, 0.451182, 0.272537, 0, 0, 3.62806, 0.657467, 0.127367, 1, 0, 0, 1, 0, 1, 0, 0, 0, 0, 0, 0, 0, 0, 1, 1, 0, 1
17,  0.8,  0.914282,  1, 0.0686874, 0, 0, 0, 0, 1.83773, 0, 0, 0.428381, 0, 0.496798, 0.131311, 0, 0, 3.61003, 0.498126, 0.116688, 1, 0, 0, 1, 0, 1, 0, 0, 0, 0, 0, 0, 0, 0, 1, 1, 0, 1
18,  0.85,  0.916271,  1, 0.0360023, 0, 0, 0, 0, 1.91988, 0, 0, 0.446208, 0, 0.432959, 0.231177, 0, 0, 3.68492, 0.508337, 0.0672324, 1, 0, 0, 1, 0, 1, 0, 0, 0, 0, 0, 0, 0, 0, 1, 1, 0, 1
19,  0.9,  0.915332,  1, 0.00909855, 0, 0, 0, 0, 1.95254, 0, 0, 0.458088, 0, 0.346516, 0.358038, 0, 0, 3.74751, 0.515193, 0.00922311, 1, 0, 0, 1, 0, 1, 0, 0, 0, 0, 1, 0, 0, 0, 1, 1, 0, 0
