frame, timestamp, confidence, success, AU01_r, AU02_r, AU04_r, AU05_r, AU06_r, AU07_r, AU09_r, AU10_r, AU12_r, AU14_r, AU15_r, AU17_r, AU20_r, AU23_r, AU25_r, AU26_r, AU45_r, AU01_c, AU02_c, AU04_c, AU05_c, AU06_c, AU07_c, AU09_c, AU10_c, AU12_c, AU14_c, AU15_c, AU17_c, AU20_c, AU23_c, AU25_c, AU26_c, AU28_c, AU45_c
1,  0,  0.958474,  1, 0, 0, 1.57901, 0, 0, 0.629452, 0, 0, 0, 0, 0, 0, 0, 0.0917522, 0.000760584, 0.0767685, 0, 0, 0, 1, 1, 0, 1, 0, 0, 0, 0, 0, 0, 0, 0, 0, 0, 0, 0
2,  0.05,  0.96107,  1, 0, 0, 1.71211, 0, 0, 0.685207, 0.0585767, 0, 0, 0, 0, 0.0571126, 0.0269636, 0.0403147, 0.000253528, 0.0563649, 0.0246894, 0, 0, 1, 1, 0, 1, 0, 0, 0, 0, 0, 0, 0, 0, 0, 0, 0, 0
3,  0.1,  0.95918,  1, 0, 0, 1.72916, 0, 0, 0.754541, 0.0616405, 0, 0, 0, 0, 0.0827323, 0.0269636, 0.0289266, 0.0131675, 0.107555, 0.0246894, 0, 0, 1, 1, 0, 1, 0, 0, 0, 0, 0, 0, 0, 0, 0, 0, 0, 0
4,  0.15,  0.958418,  1, 0, 0, 1.73495, 0, 0, 0.74204, 0.0539928, 0, 0, 0, 0, 0.0827323, 0.0444123, 0.019196, 0.0455614, 0.0767798, 0.0283353, 0, 0, 1, 1, 0, 1, 0, 0, 0, 0, 0, 0, 0, 0, 0, 0, 0, 0
5,  0.2,  0.959103,  1, 0, 0, 1.67794, 0, 0, 0.747172, 0.04174, 0, 0, 0, 0.0306518, 0.0374007, 0.0321249, 0.0390943, 0.0584717, 0.0767798, 0.0229104, 0, 0, 1, 1, 0, 1, 0, 0, 0, 0, 0, 0, 0, 0, 0, 0, 0, 0
6,  0.25,  0.957074,  1, 0, 0, 1.73364, 0, 0, 0.657056, 0.0459757, 0, 0, 0, 0.0306518, 0.0528679, 0.0321249, 0.0354926, 0.0453041, 0, 0.0353652, 0, 0, 1, 1, 0, 1, 0, 0, 0, 0, 0, 0, 0, 0, 0, 0, 0, 0
7,  0.3,  0.959659,  1, 0, 0, 1.77763, 0, 0, 0.706582, 0.0361532, 0, 0, 0, 0.0799233, 0.125762, 0.0146762, 0.0397083, 0.0313598, 0, 0.0307135, 0, 0, 1, 1, 0, 1, 0, 0, 0, 0, 0, 0, 0, 0, 0, 0, 0, 0
8,  0.35,  0.96272,  1, 0, 0, 1.80556, 0, 0, 0.572571, 0.039041, 0, 0, 0, 0.0492715, 0.158431, 0, 0.0258446, 0.0184495, 0, 0.0124548, 0, 0, 1, 1, 0, 1, 0, 0, 0, 0, 0, 0, 0, 0, 0, 0, 0, 0
9,  0.4,  0.960934,  1, 0, 0, 1.82319, 0, 0, 0.568378, 0.0317414, 0, 0, 0, 0.0860803, 0.196206, 0, 0.0285025, 0.0184495, 0, 0.0116387, 0, 0, 1, 1, 0, 1, 0, 0, 0, 0, 0, 0, 0, 0, 0, 0, 0, 0
10,  0.45,  0.959842,  1, 0.0388766, 0, 1.81857, 0, 0, 0.491685, 0.00288779, 0, 0, 0, 0.0368088, 0.165291, 0, 0.0242867, 0.00932728, 0.0124168, 0.0116387, 0, 0, 1, 1, 0, 1, 0, 0, 0, 0, 0, 0, 0, 0, 0, 0, 0, 0
11,  0.5,  0.958347,  1, 0.189792, 0, 1.86922, 0, 0, 0.458789, 0, 0, 0, 0, 0.0368088, 0.216971, 0, 0.0182522, 0.00932728, 0.0755688, 0.0116387, 0, 0, 1, 1, 0, 1, 0, 0, 0, 0, 0, 0, 0, 0, 0, 0, 0, 0
12,  0.55,  0.95935,  1, 0.488413, 0, 1.77719, 0, 0, 0.502159, 0, 0, 0, 0, 0, 0.138109, 0.00624259, 0, 0.0897905, 0.213144, 0, 0, 0, 1, 1, 0, 1, 0, 0, 0, 0, 0, 0, 0, 0, 0, 0, 0, 0
13,  0.6,  0.956868,  1, 0.979605, 0, 1.57195, 0, 0, 0.633392, 0, 0, 0, 0, 0, 0.121153, 0.00624259, 0, 0.237921, 0.214463, 0, 1, 1, 1, 1, 0, 1, 0, 0, 0, 0, 0, 0, 0, 0, 0, 0, 0, 0
14,  0.65,  0.95446,  1, 1.55541, 0, 1.46595, 0.0873149, 0, 0.712364, 0, 0, 0, 0, 0.0567737, 0.0743866, 0.00624259, 0, 0.591758, 0.393453, 0, 1, 1, 1, 1, 0, 1, 0, 0, 0, 0, 0, 0, 0, 0, 0, 0, 0, 0
15,  0.7,  0.956743,  1, 2.06419, 0.155403, 1.28171, 0.204619, 0, 0.771399, 0, 0, 0, 0, 0.0621341, 0.350731, 0.0567991, 0, 0.869998, 0.668774, 0, 1, 1, 1, 1, 0, 1, 0, 0, 0, 0, 0, 0, 0, 0, 0, 1, 0, 0
16,  0.75,  0.94566,  1, 2.47448, 0.514796, 1.18207, 0.343303, 0, 0.705258, 0, 0, 0, 0, 0.0621341, 0.390619, 0.104037, 0, 1.14955, 1.12925, 0.00327911, 1, 1, 1, 1, 0, 1, 0, 0, 0, 0, 0, 0, 0, 0, 1, 1, 0, 0
17,  0.8,  0.92969,  1, 2.72956, 0.833381, 1.05632, 0.255988, 0, 0.605928, 0, 0, 0, 0, 0.0352626, 0.356138, 0.104037, 0, 1.04709, 1.27023, 0.0357594, 1, 1, 1, 1, 0, 1, 0, 0, 0, 0, 0, 0, 0, 0, 1, 1, 0, 0
18,  0.85,  0.924357,  1, 2.82621, 0.976594, 1, 0.138684, 0, 0.443651, 0, 0, 0, 0, 0.069187, 0.0797937, 0.0472381, 0, 0.819464, 1.35493, 0.044804, 1, 1, 1, 1, 0, 1, 0, 0, 0, 0, 0, 0, 0, 1, 1, 1, 0, 1
19,  0.9,  0.914205,  1, 2.71214, 0.895849, 0.852403, 0, 0, 0.37491, 0, 0, 0, 0, 0.117854, 0, 0, 0, 0.393223, 1.49278, 0.0271336, 1, 1, 1, 1, 0, 1, 0, 0, 0, 0, 0, 0, 0, 1, 1, 1, 0, 1
