frame, timestamp, confidence, success, AU01_r, AU02_r, AU04_r, AU05_r, AU06_r, AU07_r, AU09_r, AU10_r, AU12_r, AU14_r, AU15_r, AU17_r, AU20_r, AU23_r, AU25_r, AU26_r, AU45_r, AU01_c, AU02_c, AU04_c, AU05_c, AU06_c, AU07_c, AU09_c, AU10_c, AU12_c, AU14_c, AU15_c, AU17_c, AU20_c, AU23_c, AU25_c, AU26_c, AU28_c, AU45_c
1,  0,  0.965891,  1, 1.61063, 0.399793, 0, 0, 0, 0.592309, 0, 0, 0, 0, 0, 0, 0, 0.013444, 0.190925, 0.649084, 0, 1, 1, 1, 0, 0, 1, 0, 0, 0, 1, 0, 0, 0, 1, 0, 1, 0, 0
2,  0.05,  0.968031,  1, 1.39239, 0.270995, 0, 0.00722644, 0, 0.883994, 0, 0, 0, 0, 0, 0, 0.0318838, 0.0284904, 0.124276, 0.687895, 0, 1, 1, 0, 0, 0, 1, 0, 0, 0, 1, 0, 0, 0, 1, 0, 1, 0, 0
3,  0.1,  0.967635,  1, 1.00336, 0.137731, 0, 0.00722644, 0, 1.40786, 0, 0, 0, 0, 0.0521329, 0.0389993, 0.0318838, 0.024009, 0.122608, 0.579017, 0, 1, 1, 0, 1, 0, 1, 0, 0, 0, 1, 0, 0, 0, 1, 0, 1, 0, 0
4,  0.15,  0.969139,  1, 0.478088, 0, 0, 0.00722644, 0, 1.96854, 0, 0, 0, 0, 0.0983329, 0.193352, 0, 0.0190425, 0.0675825, 0.366485, 0.0260395, 1, 0, 0, 0, 0, 1, 0, 1, 0, 1, 0, 0, 0, 1, 0, 0, 0, 0
5,  0.2,  0.973164,  1, 0.147845, 0, 0, 0, 0, 2.43906, 0, 0, 0.000309937, 0, 0.0983329, 0.44331, 0, 0, 0.0619739, 0.109194, 0.0502799, 0, 0, 0, 0, 0, 1, 0, 1, 0, 1, 0, 0, 0, 1, 0, 0, 0, 0
6,  0.25,  0.971033,  1, 0, 0, 0, 0, 0.0844667, 2.90232, 0.133598, 0.0874372, 0.0436138, 0, 0.0462, 0.682783, 0, 0, 0.0279855, 0.00171112, 0.0502799, 0, 0, 0, 0, 0, 1, 0, 1, 0, 1, 0, 0, 0, 1, 0, 0, 0, 0
7,  0.3,  0.969867,  1, 0, 0, 0, 0, 0.224454, 3.25195, 0.354999, 0.2226, 0.0721913, 0, 0, 0.921615, 0.0490388, 0.00717727, 0.0279855, 0, 0.0366287, 0, 0, 0, 0, 1, 1, 1, 1, 0, 1, 0, 0, 0, 1, 0, 0, 0, 0
8,  0.35,  0.967354,  1, 0, 0, 0, 0, 0.399364, 3.64951, 0.563616, 0.38914, 0.144123, 0, 0.0204857, 1.00994, 0.1689, 0.00717727, 0.0978982, 0, 0.015946, 0, 0, 0, 0, 1, 1, 1, 1, 0, 1, 0, 1, 0, 1, 0, 0, 0, 0
9,  0.4,  0.967689,  1, 0, 0, 0, 0, 0.524729, 3.86153, 0.625851, 0.49962, 0.216726, 0, 0.061457, 1.01484, 0.359583, 0, 0.209738, 0, 0.0106733, 0, 0, 0, 0, 1, 1, 1, 1, 0, 1, 0, 0, 0, 1, 0, 0, 0, 0
