frame, timestamp, confidence, success, AU01_r, AU02_r, AU04_r, AU05_r, AU06_r, AU07_r, AU09_r, AU10_r, AU12_r, AU14_r, AU15_r, AU17_r, AU20_r, AU23_r, AU25_r, AU26_r, AU45_r, AU01_c, AU02_c, AU04_c, AU05_c, AU06_c, AU07_c, AU09_c, AU10_c, AU12_c, AU14_c, AU15_c, AU17_c, AU20_c, AU23_c, AU25_c, AU26_c, AU28_c, AU45_c
1,  0,  0.983371,  1, 0, 0, 0, 0, 0, 0.468557, 0.100717, 0, 0, 0, 0, 0, 0, 0.176621, 0.197453, 0.838165, 0, 0, 0, 1, 0, 0, 0, 0, 0, 0, 1, 0, 0, 0, 1, 0, 0, 0, 0
2,  0.05,  0.983043,  1, 0, 0, 0, 0.038774, 0, 0.492608, 0.0921075, 0, 0, 0, 0, 0, 0, 0.152107, 0.184413, 0.760821, 0, 0, 0, 1, 0, 0, 0, 0, 0, 0, 1, 0, 0, 0, 1, 0, 0, 0, 0
3,  0.1,  0.982713,  1, 0, 0, 0.00107141, 0.038774, 0, 0.394139, 0.0841798, 0, 0, 0, 0, 0, 0, 0.114683, 0.181746, 0.76947, 0, 0, 0, 1, 0, 0, 1, 0, 0, 0, 1, 0, 0, 0, 1, 0, 0, 0, 0
4,  0.15,  0.983513,  1, 0, 0, 0.00107141, 0, 0, 0.360746, 0.0637494, 0, 0, 0, 0, 0.0336399, 0, 0.0836052, 0.193368, 0.84825, 0, 0, 0, 1, 0, 0, 0, 0, 0, 0, 1, 0, 0, 0, 1, 0, 0, 0, 0
5,  0.2,  0.983598,  1, 0, 0, 0.00107141, 0.0250127, 0, 0.386544, 0.0853374, 0, 0, 0, 0, 0.0336399, 0, 0.0643049, 0.163909, 0.848789, 0.0186952, 0, 0, 1, 0, 0, 0, 0, 0, 0, 1, 0, 0, 0, 1, 0, 0, 0, 0
6,  0.25,  0.983941,  1, 0, 0, 0.0691646, 0.0615117, 0, 0.537274, 0.0641193, 0, 0, 0, 0, 0.0825023, 0, 0.0547364, 0.144987, 0.827519, 0.0720756, 0, 0, 1, 0, 0, 1, 0, 0, 0, 1, 0, 0, 0, 1, 0, 0, 0, 0
7,  0.3,  0.983396,  1, 0, 0.00620707, 0.176215, 0.0615117, 0, 0.799712, 0.054185, 0, 0, 0, 0, 0.11511, 0, 0.0514668, 0.0729729, 0.783844, 0.146261, 0, 0, 1, 0, 0, 1, 0, 0, 0, 0, 0, 0, 0, 1, 0, 0, 0, 0
8,  0.35,  0.982687,  1, 0, 0.00620707, 0.31401, 0.036499, 0.00325812, 0.956869, 0.00442646, 0, 0, 0, 0, 0.34087, 0, 0.0169478, 0.0442287, 0.657825, 0.205911, 0, 0, 1, 0, 0, 1, 0, 0, 0, 0, 0, 0, 0, 1, 0, 0, 0, 0
9,  0.4,  0.981595,  1, 0, 0.00620707, 0.396804, 0, 0.00445005, 1.10223, 0, 0, 0, 0, 0, 0.572002, 0, 0.0050666, 0, 0.645117, 0.260271, 0, 0, 1, 0, 0, 1, 0, 0, 0, 0, 0, 0, 0, 1, 0, 0, 0, 0
10,  0.45,  0.982468,  1, 0.0738704, 0, 0.472747, 0, 0.030001, 1.10105, 0, 0, 0, 0, 0, 0.901025, 0, 0, 0.0160962, 0.500137, 0.23355, 0, 0, 1, 0, 0, 1, 0, 0, 0, 0, 0, 0, 0, 1, 0, 0, 0, 0
11,  0.5,  0.982016,  1, 0.193761, 0.00893114, 0.57921, 0, 0.0561184, 1.07554, 0, 0, 0, 0, 0.10864, 1.13776, 0.0013983, 0, 0.0274102, 0.352636, 0.163008, 0, 0, 1, 0, 0, 1, 0, 0, 0, 0, 0, 0, 0, 1, 0, 0, 0, 0
12,  0.55,  0.978586,  1, 0.35182, 0.129649, 0.654381, 0, 0.0752669, 1.01071, 0, 0, 0, 0, 0.423478, 1.3768, 0.0013983, 0, 0.116679, 0.0985763, 0.0552671, 0, 0, 1, 0, 0, 1, 0, 0, 0, 0, 0, 1, 0, 1, 0, 0, 0, 0
13,  0.6,  0.97758,  1, 0.388256, 0.129649, 0.619097, 0, 0.0918269, 0.902531, 0, 0, 0, 0, 0.837548, 1.60737, 0.0151978, 0, 0.100583, 0, 0.007803, 0, 0, 1, 0, 0, 1, 0, 0, 0, 0, 0, 1, 0, 1, 0, 0, 0, 0
14,  0.65,  0.974513,  1, 0.449087, 0.138191, 0.56867, 0, 0.111201, 0.855533, 0, 0, 0, 0, 1.15017, 1.87621, 0.0372451, 0, 0.089269, 0, 0, 0, 0, 1, 0, 0, 1, 0, 0, 0, 0, 0, 1, 0, 1, 0, 0, 0, 0
15,  0.7,  0.97224,  1, 0.455493, 0.0174735, 0.472807, 0, 0.150846, 0.830645, 0, 0, 0, 0, 1.26078, 2.15668, 0.250894, 0, 0.0157668, 0, 0.0111521, 0, 0, 1, 0, 0, 1, 0, 0, 0, 0, 1, 1, 0, 1, 0, 0, 0, 0
16,  0.75,  0.972661,  1, 0.557626, 0.0174735, 0.537174, 0, 0.159979, 0.805311, 0, 0, 0, 0, 1.46761, 2.44914, 0.315688, 0, 0.0270796, 0, 0.0111521, 0, 0, 1, 0, 0, 1, 0, 0, 0, 0, 1, 1, 1, 1, 0, 0, 0, 0
17,  0.8,  0.973209,  1, 0.59325, 0, 0.595394, 0, 0.173159, 0.847565, 0, 0, 0, 0, 1.66765, 2.54454, 0.384144, 0, 0.0270796, 0, 0.0111521, 1, 0, 1, 0, 0, 0, 0, 0, 0, 0, 1, 1, 0, 1, 0, 0, 0, 0
18,  0.85,  0.973392,  1, 0.649033, 0, 0.756154, 0, 0.185789, 1.05775, 0, 0, 0, 0, 1.86389, 2.48024, 0.275704, 0, 0, 0, 0, 1, 0, 1, 0, 0, 0, 0, 0, 0, 0, 1, 1, 0, 1, 0, 0, 0, 0
