frame, timestamp, confidence, success, AU01_r, AU02_r, AU04_r, AU05_r, AU06_r, AU07_r, AU09_r, AU10_r, AU12_r, AU14_r, AU15_r, AU17_r, AU20_r, AU23_r, AU25_r, AU26_r, AU45_r, AU01_c, AU02_c, AU04_c, AU05_c, AU06_c, AU07_c, AU09_c, AU10_c, AU12_c, AU14_c, AU15_c, AU17_c, AU20_c, AU23_c, AU25_c, AU26_c, AU28_c, AU45_c
1,  0,  0.96268,  1, 0.0717886, 0.451188, 0.91352, 0, 0, 1.28336, 0, 0, 0, 0, 0, 0, 0, 0, 1.00072, 0.168902, 0, 1, 1, 1, 1, 0, 1, 0, 0, 0, 0, 0, 0, 0, 0, 1, 0, 0, 0
2,  0.05,  0.9602,  1, 0.032496, 0.415045, 0.940263, 0, 0.0105723, 1.16296, 0, 0, 0, 0, 0, 0, 0, 0, 0.886042, 0.0689896, 0, 0, 1, 1, 1, 0, 1, 0, 0, 0, 0, 0, 0, 0, 0, 1, 0, 0, 0
3,  0.1,  0.959915,  1, 0.0833784, 0.325891, 1.09629, 0, 0.0105723, 1.27109, 0, 0, 0, 0, 0, 0, 0, 0, 0.78205, 0.012689, 0, 0, 1, 1, 1, 0, 1, 0, 0, 0, 0, 0, 0, 0, 0, 1, 0, 0, 0
4,  0.15,  0.962008,  1, 0.0833784, 0.150759, 1.28502, 0, 0.0105723, 1.53602, 0, 0, 0, 0, 0, 0.0132089, 0, 0, 0.604467, 0.0893054, 0, 0, 1, 1, 1, 0, 1, 0, 0, 0, 0, 0, 0, 0, 0, 1, 0, 0, 0
5,  0.2,  0.958816,  1, 0.074812, 0.0612416, 1.54232, 0, 0, 1.72356, 0.000732569, 0, 0, 0, 0, 0.0132089, 0, 0, 0.446984, 0.0893054, 0, 0, 1, 1, 0, 0, 1, 0, 0, 0, 0, 0, 0, 0, 0, 1, 0, 0, 0
6,  0.25,  0.950819,  1, 0, 0, 1.77155, 0, 0.00880925, 1.95487, 0.0437234, 0, 0, 0, 0, 0.108596, 0, 0, 0.217402, 0.119747, 0, 0, 0, 1, 0, 0, 1, 0, 0, 0, 0, 0, 0, 0, 0, 1, 0, 0, 0
7,  0.3,  0.950989,  1, 0, 0, 2.02475, 0, 0.0298843, 2.31543, 0.083802, 0, 0, 0, 0, 0.213591, 0, 0, 0.0966768, 0.107089, 0.091172, 0, 0, 1, 0, 0, 1, 0, 0, 0, 0, 0, 0, 0, 1, 1, 0, 0, 0
8,  0.35,  0.952069,  1, 0, 0, 2.24302, 0, 0.071082, 2.62636, 0.0830694, 0, 0, 0, 0, 0.60538, 0, 0, 0, 0.204322, 0.22208, 0, 0, 1, 0, 0, 1, 0, 0, 0, 0, 0, 0, 0, 1, 0, 0, 0, 0
9,  0.4,  0.952257,  1, 0, 0, 2.33438, 0, 0.170373, 2.83671, 0.0964549, 0, 0, 0, 0, 0.978411, 0.0486567, 0, 0, 0.257398, 0.32136, 0, 0, 1, 0, 0, 1, 0, 0, 0, 0, 0, 0, 0, 1, 0, 0, 0, 0
10,  0.45,  0.952394,  1, 0.0324005, 0, 2.51754, 0.0343209, 0.267806, 2.93387, 0.093906, 0, 0, 0, 0, 1.46906, 0.110153, 0.05213, 0, 0.306205, 0.290353, 0, 0, 1, 0, 0, 1, 0, 0, 0, 0, 0, 1, 0, 1, 0, 0, 0, 0
11,  0.5,  0.947254,  1, 0.168945, 0, 2.64194, 0.0343209, 0.343718, 2.98221, 0.093906, 0, 0, 0, 0, 1.62834, 0.156866, 0.153785, 0, 0.20995, 0.181419, 0, 0, 1, 0, 0, 1, 0, 0, 0, 0, 0, 1, 0, 1, 0, 0, 0, 0
12,  0.55,  0.947963,  1, 0.247855, 0, 2.88737, 0.057718, 0.384457, 3.06555, 0.086365, 0, 0, 0, 0.0347848, 1.73134, 0.1227, 0.153785, 0.161493, 0.126432, 0.159438, 0, 0, 1, 0, 0, 1, 0, 0, 0, 0, 0, 1, 0, 1, 0, 0, 0, 0
13,  0.6,  0.947239,  1, 0.293295, 0, 2.98715, 0.0233971, 0.458737, 3.18885, 0.0488354, 0, 0, 0, 0.114633, 1.66195, 0.141101, 0.174853, 0.245403, 0.0319154, 0.165914, 0, 0, 1, 0, 0, 1, 0, 0, 0, 0, 1, 1, 0, 1, 0, 0, 0, 0
14,  0.65,  0.946968,  1, 0.156751, 0, 3.10548, 0.0603954, 0.529652, 3.18626, 0.0488354, 0, 0, 0, 0.231564, 1.69373, 0.110638, 0.145208, 0.329765, 0.030937, 0.144436, 0, 0, 1, 0, 0, 1, 0, 0, 0, 0, 1, 1, 0, 1, 0, 0, 0, 0
15,  0.7,  0.948535,  1, 0.0778413, 0, 3.09435, 0.0369984, 0.532984, 3.20576, 0, 0, 0, 0, 0.299814, 1.7157, 0.0961474, 0.224946, 0.264041, 0.030937, 0.067138, 0, 0, 1, 0, 0, 1, 0, 0, 0, 0, 1, 1, 0, 1, 0, 0, 0, 0
16,  0.75,  0.94707,  1, 0.107695, 0, 3.06916, 0.0369984, 0.481619, 3.09331, 0, 0, 0, 0, 0.308043, 1.81478, 0.0162501, 0.235115, 0.24292, 0.0790472, 0.00049729, 0, 0, 1, 0, 0, 1, 0, 0, 0, 0, 1, 1, 0, 1, 0, 0, 0, 0
17,  0.8,  0.950334,  1, 0.107695, 0, 2.92785, 0, 0.452757, 3.22563, 0, 0, 0, 0, 0.301596, 1.82699, 0, 0.229581, 0.234564, 0.0790472, 0, 0, 0, 1, 0, 0, 1, 0, 0, 0, 0, 1, 1, 0, 1, 0, 0, 0, 0
18,  0.85,  0.949117,  1, 0.169565, 0, 2.86958, 0, 0.488043, 3.24413, 0.0367963, 0, 0, 0, 0.242413, 1.85257, 0, 0.25761, 0.227668, 0.164503, 0.00590513, 0, 0, 1, 0, 0, 1, 0, 0, 0, 0, 1, 1, 0, 1, 0, 0, 0, 0
19,  0.9,  0.946603,  1, 0.185608, 0, 2.87148, 0, 0.562373, 3.29675, 0.110389, 0, 0, 0, 0.131557, 1.85693, 0, 0.323301, 0.266618, 0.256369, 0.0177154, 0, 0, 1, 0, 0, 1, 0, 0, 0, 0, 1, 1, 0, 1, 0, 0, 0, 0
